 1851  0.770  0.308 -0.631  0.503  0.011  0.036  0.346  0.255  0.126  0.654 -0.131 -0.269  0.165
 1851      3      3      3      3      3      3      3      3      3      3      3      3
 1852  0.091  0.113 -0.088 -0.917  0.382  0.465  0.529  0.054  0.134 -0.299  0.131  1.819  0.201
 1852      3      3      3      3      3      3      3      3      3      3      3      3
 1853  0.657 -0.689 -1.383 -0.510 -0.244 -0.232  0.382  0.297 -0.364  0.058 -0.554 -1.281 -0.322
 1853      3      3      3      3      3      3      3      3      3      3      3      3
 1854 -0.485  0.202  0.156 -0.369  0.374  0.050  0.570  0.381  0.155  0.669 -0.538  0.287  0.121
 1854      3      3      3      3      3      3      3      3      3      3      3      3
 1855 -0.005 -1.385 -0.575  0.406  0.169  0.119  0.224  0.101 -0.367  0.292 -0.481 -1.663 -0.264
 1855      3      3      3      3      3      3      3      3      3      3      3      3
 1856 -0.349 -0.811 -1.253 -0.060 -0.632  0.226 -0.442 -0.311 -0.653 -0.631 -1.513 -0.196 -0.552
 1856      4      4      4      3      4      3      4      4      3      3      3      3
 1857 -1.224  0.210 -0.740 -1.487 -1.078 -0.353 -0.024  0.130 -0.347 -0.434 -0.722  0.611 -0.455
 1857      4      4      4      4      4      4      4      4      4      4      4      4
 1858  0.045 -1.383 -0.763 -0.435 -0.413  0.103 -0.192 -0.383 -0.385 -0.075 -1.831 -0.397 -0.509
 1858      4      4      4      4      4      4      4      4      4      4      4      4
 1859 -0.206  0.111 -0.052 -0.145 -0.005 -0.186  0.019  0.035 -0.572 -0.158 -0.332 -1.105 -0.216
 1859      4      4      4      4      4      4      4      4      4      4      4      4
 1860  0.136 -1.146 -1.576 -0.552 -0.319  0.018 -0.283 -0.041 -0.290 -0.354 -1.313 -1.637 -0.613
 1860      4      4      4      4      4      4      4      4      4      4      4      4
 1861 -2.031  0.207  0.077 -0.797 -1.040  0.127 -0.147  0.038 -0.337 -0.284 -0.737 -0.471 -0.449
 1861      4      4      4      4      4      4      4      4      4      4      4      4
 1862 -1.275 -1.341 -0.439 -0.330 -0.188 -0.419 -0.483 -0.764 -0.385 -0.556 -1.021 -1.188 -0.699
 1862      4      4      4      3      3      3      4      4      4      4      4      4
 1863  1.123  0.444 -0.381 -0.322 -0.259 -0.404 -0.520 -0.304 -0.484 -0.603 -0.412 -0.409 -0.211
 1863      3      4      4      4      3      4      4      3      3      3      3      3
 1864 -1.463 -0.676 -0.499 -0.761 -0.660  0.124 -0.069 -0.512 -0.311 -1.360 -1.327 -1.303 -0.735
 1864      4      4      4      4      4      4      4      4      4      4      4      4
 1865 -0.106 -1.374 -1.475 -0.173 -0.167 -0.191  0.133 -0.337  0.265 -0.573  0.072 -0.575 -0.375
 1865      4      4      4      4      4      4      4      4      4      4      4      4
 1866  0.619 -0.532 -0.924 -0.236 -0.739  0.037 -0.025 -0.487 -0.024 -0.870 -0.680 -0.367 -0.352
 1866      4      4      4      4      4      4      4      4      4      4      4      4
 1867 -0.694  0.592 -1.913 -0.506 -1.201 -0.283 -0.333 -0.178 -0.076 -0.080 -0.658 -0.980 -0.526
 1867      4      4      4      4      4      4      4      4      4      4      4      4
 1868 -1.399 -0.859 -0.190 -0.652  0.210  0.133  0.468  0.129 -0.338 -0.120 -1.025 -0.153 -0.316
 1868      4      4      4      5      5      5      5      5      5      4      5      5
 1869 -0.179  0.873 -1.161 -0.369 -0.433 -0.329 -0.154  0.276 -0.021 -0.987 -0.602 -0.435 -0.293
 1869      5      5      5      5      5      5      4      4      5      5      4      4
 1870  0.101 -0.972 -1.126 -0.452  0.020  0.225  0.143 -0.761 -0.303 -0.473 -0.120 -1.858 -0.465
 1870      5      5      5      5      5      5      5      5      5      5      5      5
 1871 -1.063 -1.213 -0.036 -0.342 -0.589 -0.410  0.046  0.138 -0.581 -0.608 -1.321 -1.241 -0.602
 1871      5      5      5      5      5      5      5      5      5      5      5      5
 1872 -0.119 -0.520 -0.589 -0.116 -0.029 -0.097 -0.147 -0.453 -0.174 -0.157 -0.497 -0.797 -0.308
 1872      5      5      6      5      6      6      5      5      5      5      6      5
 1873 -0.000 -0.647 -0.506 -1.020 -0.574  0.262 -0.144  0.066 -0.365 -0.392 -0.910  0.017 -0.351
 1873      6      6      6      6      6      6      6      6      6      6      6      6
 1874  0.279 -0.497 -1.144 -0.659 -0.882 -0.408 -0.258 -0.385 -0.187 -0.241 -0.823 -0.379 -0.465
 1874      6      6      6      6      6      6      6      6      6      6      6      6
 1875 -1.264 -1.650 -1.708 -1.094 -0.244 -0.189 -0.339 -0.292 -0.650 -0.825 -1.310 -0.954 -0.877
 1875      7      7      7      6      7      7      7      7      7      7      7      7
 1876 -0.285 -0.228 -0.448 -0.379 -0.775 -0.056  0.125 -0.154 -0.182 -0.430 -1.315 -1.499 -0.469
 1876      7      7      7      7      7      7      7      7      7      7      7      7
 1877 -0.307 -0.030 -0.643 -0.748 -0.909 -0.035  0.216  0.271 -0.381 -0.562  0.104  0.109 -0.243
 1877      7      7      7      7      7      7      7      7      7      7      7      7
 1878 -0.352  0.429  0.660  0.428 -0.436 -0.074 -0.063  0.010  0.317  0.172 -0.127 -1.005 -0.003
 1878      7      7      7      7      7      7      7      7      7      7      7      7
 1879 -0.485 -0.486 -0.462 -0.642 -0.528 -0.614 -0.382 -0.362 -0.332 -0.107 -0.910 -1.232 -0.545
 1879      8      8      8      8      8      8      8      8      8      8      8      8
 1880  0.097 -0.274 -0.485 -0.346 -0.085 -0.104 -0.187  0.177 -0.150 -1.008 -1.083 -0.623 -0.339
 1880      8      8      8      8      8      8      8      8      8      8      8      8
 1881 -1.307 -0.636 -0.728 -0.455 -0.025 -0.606 -0.274 -0.135 -0.109 -0.657 -0.696  0.132 -0.458
 1881      8      8      8      9      9      9      9      8      8      9      8      8
 1882  0.664  0.092  0.140 -0.715 -0.730 -0.675 -0.520 -0.059 -0.063 -0.365 -0.769 -0.933 -0.328
 1882      9      9      9      9      9      9      9      9      9      9      9      9
 1883 -1.114 -0.952 -1.135 -0.731 -0.558  0.077 -0.242 -0.430 -0.534 -0.551 -0.584 -0.364 -0.593
 1883      9      9      9      9      9      9      9      9      9      9      9      9
 1884 -0.639 -0.428 -0.846 -1.100 -1.054 -0.711 -0.744 -0.239 -0.426 -0.530 -1.049 -0.652 -0.702
 1884      9      9      9      9      9      9      9      9      9      9      9      9
 1885 -1.396 -0.819 -1.081 -0.921 -0.920 -0.719 -0.349 -0.616 -0.342 -0.502 -0.457  0.017 -0.675
 1885      9      9      9      9      9      9      9      9      9      9      9      9
 1886 -0.810 -1.095 -1.004 -0.326 -0.437 -0.685 -0.341 -0.412 -0.208 -0.588 -0.501 -0.304 -0.559
 1886     10     10     10     10     10     10     10     10     10     10     10     10
 1887 -0.738 -0.827 -0.593 -0.691 -0.453 -0.434 -0.294 -0.469 -0.303 -0.912 -0.710 -0.627 -0.587
 1887     10     10     10     10     10     10     10     10     10     10     10     10
 1888 -1.254 -1.099 -1.523 -0.381 -0.786 -0.477 -0.421 -0.454 -0.226 -0.400 -0.487 -0.337 -0.654
 1888     10     10     10     10     10     10     10     10     10     10     11     11
 1889 -0.488 -0.481 -0.310  0.004  0.144 -0.150 -0.361 -0.400 -0.561 -0.351 -0.732  0.038 -0.304
 1889     11     11     11     11     11     11     11     11     11     11     11     11
 1890 -0.169 -0.399 -0.539 -0.269 -0.627 -0.290 -0.428 -0.419 -0.224 -0.535 -0.840 -0.747 -0.457
 1890     11     11     11     11     11     11     11     11     11     11     11     11
 1891 -1.014 -0.894 -0.718 -0.766 -0.469 -0.498 -0.516 -0.547 -0.228 -0.520 -0.975  0.154 -0.582
 1891     12     12     12     12     12     12     12     12     12     12     11     11
 1892 -0.767 -0.102 -0.920 -0.910 -0.826 -0.432 -0.489 -0.346 -0.270 -0.480 -0.823 -1.405 -0.647
 1892     12     11     12     12     12     12     12     12     12     12     12     12
 1893 -2.152 -1.572 -0.621 -0.697 -0.780 -0.492 -0.168 -0.376 -0.486 -0.249 -0.547 -0.401 -0.712
 1893     12     12     12     12     12     12     12     12     12     12     12     12
 1894 -0.576 -0.470 -0.229 -0.447 -0.566 -0.616 -0.432 -0.391 -0.764 -0.440 -0.460 -0.440 -0.486
 1894     12     12     12     12     12     12     12     12     12     12     12     12
 1895 -1.133 -1.574 -0.784 -0.482 -0.499 -0.376 -0.661 -0.360 -0.176 -0.346 -0.466 -0.263 -0.593
 1895     12     12     12     12     12     12     12     13     12     13     13     13
 1896 -0.364 -0.365 -0.874 -0.831 -0.376 -0.263 -0.222 -0.339 -0.287 -0.024 -0.988 -0.151 -0.424
 1896     13     13     13     13     13     13     13     13     13     13     13     13
 1897 -0.636 -0.386 -0.824 -0.085 -0.044 -0.160 -0.110 -0.256 -0.053 -0.304 -0.512 -0.596 -0.331
 1897     13     13     13     13     13     13     13     13     13     13     13     13
 1898  0.325 -0.431 -1.384 -0.710 -0.657 -0.225 -0.337 -0.144 -0.141 -0.586 -0.443 -0.143 -0.406
 1898     14     14     14     14     14     13     14     14     14     14     14     14
 1899 -0.151 -0.766 -0.839 -0.259 -0.493 -0.595 -0.268 -0.228  0.019 -0.212  0.308 -0.634 -0.343
 1899     14     14     14     14     14     14     14     14     14     14     14     14
 1900 -0.430 -0.435 -0.488 -0.416 -0.252 -0.004 -0.294 -0.128 -0.213  0.309 -0.211  0.135 -0.202
 1900     14     14     14     14     14     14     14     14     14     14     14     14
 1901 -0.188 -0.562 -0.175 -0.047 -0.127  0.111 -0.008 -0.078 -0.121 -0.161 -0.348 -0.469 -0.181
 1901     14     14     14     14     14     14     14     14     14     15     14     14
 1902  0.024 -0.102 -0.318 -0.468 -0.466 -0.368 -0.439 -0.519 -0.478 -0.576 -0.651 -0.892 -0.438
 1902     15     15     15     15     15     15     15     15     15     15     15     15
 1903 -0.143  0.108 -0.125 -0.554 -0.571 -0.588 -0.532 -0.486 -0.386 -0.577 -0.630 -0.788 -0.440
 1903     15     15     15     15     15     15     15     15     15     15     15     15
 1904 -0.841 -0.736 -0.938 -0.536 -0.533 -0.495 -0.545 -0.453 -0.560 -0.403 -0.312 -0.516 -0.572
 1904     15     15     15     15     15     15     15     15     15     15     15     15
 1905 -0.576 -1.318 -0.562 -0.725 -0.374 -0.185 -0.309 -0.324 -0.233 -0.539 -0.056 -0.036 -0.436
 1905     16     16     16     16     16     16     16     15     16     16     16     16
 1906  0.105 -0.482 -0.612  0.142  0.016 -0.081 -0.156 -0.162 -0.309 -0.219 -0.635 -0.161 -0.213
 1906     16     16     16     16     16     16     16     16     16     16     16     16
 1907 -0.718 -0.812 -0.554 -0.934 -0.977 -0.705 -0.483 -0.599 -0.409 -0.117 -0.798 -0.577 -0.640
 1907     16     16     16     16     16     16     16     16     16     16     16     16
 1908 -0.232 -0.395 -0.883 -0.574 -0.423 -0.344 -0.398 -0.552 -0.270 -0.578 -0.753 -0.429 -0.486
 1908     16     16     16     16     16     16     16     16     16     16     16     16
 1909 -0.661 -0.689 -0.892 -0.828 -0.783 -0.397 -0.414 -0.027 -0.115 -0.100 -0.083 -0.690 -0.473
 1909     16     16     17     17     17     17     17     17     17     17     17     17
 1910 -0.099 -0.382 -0.280 -0.230 -0.327 -0.303 -0.209 -0.218 -0.211 -0.410 -0.825 -0.708 -0.350
 1910     17     17     17     17     17     17     17     17     17     17     17     17
 1911 -0.609 -0.967 -0.841 -0.719 -0.400 -0.418 -0.243 -0.223 -0.266 -0.366 -0.179 -0.077 -0.442
 1911     18     18     18     18     18     18     18     18     18     18     18     18
 1912 -0.481 -0.081 -0.611 -0.436 -0.310 -0.099 -0.607 -0.705 -0.693 -0.811 -0.619 -0.309 -0.480
 1912     18     18     18     18     18     18     18     18     18     18     18     18
 1913 -0.285 -0.739 -0.673 -0.248 -0.857 -0.676 -0.365 -0.184 -0.318 -0.354  0.187  0.276 -0.353
 1913     18     18     18     18     18     18     18     18     18     18     18     18
 1914  0.479  0.170 -0.137 -0.303 -0.103 -0.085 -0.176 -0.124 -0.189  0.028 -0.365 -0.341 -0.095
 1914     18     18     18     18     18     18     18     18     18     18     18     18
 1915 -0.101  0.297 -0.654  0.062 -0.308 -0.187  0.023 -0.166 -0.031 -0.216 -0.003 -0.075 -0.113
 1915     18     17     18     18     18     18     18     18     18     18     18     18
 1916  0.035 -0.112 -0.758 -0.343 -0.359 -0.517 -0.216 -0.225 -0.310 -0.362 -0.485 -0.971 -0.385
 1916     18     18     18     18     18     18     18     18     18     18     18     18
 1917 -0.671 -1.371 -1.254 -0.772 -1.198 -0.422 -0.072 -0.295 -0.135 -0.599 -0.348 -1.326 -0.705
 1917     18     18     18     18     18     18     18     18     18     18     18     18
 1918 -0.820 -0.591 -0.544 -0.616 -0.777 -0.432 -0.455 -0.355 -0.264  0.154 -0.305 -0.338 -0.445
 1918     18     18     18     18     18     18     18     18     18     18     18     18
 1919 -0.086 -0.308 -0.584 -0.087 -0.437 -0.113 -0.177 -0.145 -0.053 -0.264 -0.848 -0.545 -0.304
 1919     18     18     18     18     18     17     17     17     17     17     17     17
 1920 -0.128 -0.452 -0.118 -0.307 -0.171 -0.249 -0.114 -0.177 -0.076 -0.353 -0.549 -0.530 -0.269
 1920     18     18     18     18     18     18     18     18     18     18     18     18
 1921  0.335 -0.137 -0.031 -0.033  0.062  0.077 -0.009 -0.377 -0.207 -0.213 -0.637 -0.152 -0.110
 1921     19     19     19     19     19     19     19     18     19     19     19     19
 1922 -0.669 -0.537 -0.386 -0.095 -0.164 -0.160 -0.252 -0.256 -0.195 -0.281 -0.165 -0.205 -0.280
 1922     19     19     19     19     19     19     19     19     19     19     19     19
 1923  0.036 -0.608 -0.373 -0.735 -0.385 -0.294 -0.448 -0.459 -0.195 -0.037  0.139  0.189 -0.264
 1923     19     19     20     19     20     20     20     20     20     20     20     20
 1924 -0.507 -0.520 -0.510 -0.639 -0.337 -0.192 -0.197 -0.220 -0.066 -0.167 -0.163 -0.599 -0.343
 1924     20     20     20     20     20     20     20     20     20     20     20     20
 1925 -0.381 -0.103 -0.307 -0.140 -0.406 -0.321 -0.411 -0.116 -0.240 -0.538 -0.063  0.193 -0.236
 1925     20     20     20     20     20     20     20     20     20     20     20     20
 1926  0.410  0.479  0.028 -0.374 -0.512 -0.194 -0.244 -0.047 -0.020 -0.072  0.080 -0.460 -0.077
 1926     20     20     20     20     20     20     20     20     20     20     20     20
 1927 -0.285 -0.210 -0.419 -0.445 -0.511 -0.248 -0.054 -0.151  0.035  0.242 -0.061 -0.874 -0.248
 1927     21     21     21     21     21     21     20     20     20     20     21     21
 1928  0.073 -0.139 -0.533 -0.296 -0.347 -0.572 -0.084 -0.115 -0.019 -0.070  0.100 -0.040 -0.170
 1928     21     21     21     21     21     20     21     21     21     21     21     20
 1929 -0.731 -1.417 -0.514 -0.715 -0.449 -0.442 -0.434 -0.168 -0.281  0.006 -0.003 -0.780 -0.494
 1929     21     21     21     21     21     21     21     21     21     21     21     21
 1930 -0.412 -0.175 -0.074 -0.149 -0.315 -0.057  0.014  0.053 -0.152 -0.217  0.088 -0.121 -0.126
 1930     21     21     21     21     21     21     21     21     21     21     21     21
 1931  0.013 -0.463 -0.319 -0.413 -0.350  0.031  0.108  0.083 -0.042  0.163 -0.126  0.116 -0.100
 1931     22     22     22     22     22     22     22     22     22     22     22     22
 1932  0.916 -0.465 -0.694  0.044 -0.220 -0.185 -0.071 -0.027  0.106  0.079 -0.296 -0.159 -0.081
 1932     22     22     22     22     22     22     22     22     22     22     22     22
 1933 -0.516 -0.667 -0.583 -0.303 -0.259 -0.241 -0.042 -0.060 -0.063 -0.037 -0.388 -0.901 -0.338
 1933     23     23     23     23     23     23     23     23     23     23     23     23
 1934 -0.046  0.192 -0.443 -0.383  0.230 -0.034  0.021 -0.002 -0.128  0.024  0.203  0.136 -0.019
 1934     23     23     24     23     23     23     23     23     23     23     23     23
 1935 -0.456  0.744 -0.052 -0.589 -0.492 -0.199 -0.055 -0.026 -0.144  0.151 -0.547 -0.364 -0.169
 1935     24     23     23     24     23     23     24     23     24     24     23     23
 1936 -0.355 -0.939 -0.412 -0.325 -0.137 -0.022  0.308  0.128 -0.008  0.053  0.073  0.232 -0.117
 1936     24     24     24     24     24     24     24     24     24     24     24     24
 1937 -0.270  0.105 -0.729 -0.326 -0.032  0.103  0.002  0.231  0.255  0.335  0.103 -0.318 -0.045
 1937     24     24     24     24     24     24     24     24     24     24     24     24
 1938  0.129  0.141  0.360  0.361  0.072 -0.046  0.088  0.117  0.279  0.486  0.334 -0.371  0.162
 1938     24     24     25     25     25     25     25     25     25     25     25     25
 1939  0.100  0.049 -0.506 -0.196  0.062  0.126 -0.021  0.082 -0.152 -0.288 -0.033  0.709 -0.006
 1939     25     25     25     25     25     25     25     25     25     25     25     25
 1940 -0.799 -0.128 -0.176  0.009 -0.164  0.172  0.138  0.025  0.169 -0.021 -0.046  0.297 -0.044
 1940     25     25     25     25     25     25     25     25     25     25     25     25
 1941 -0.227  0.078 -0.377 -0.033 -0.045  0.141  0.185  0.039 -0.199  0.211 -0.225 -0.170 -0.052
 1941     27     27     27     27     27     27     27     27     27     27     27     27
 1942  0.082 -0.457 -0.301 -0.114 -0.106  0.102 -0.103 -0.013  0.108  0.097  0.065  0.010 -0.052
 1942     27     27     27     27     27     27     27     27     27     27     27     27
 1943 -0.403  0.264 -0.259  0.161  0.068 -0.253 -0.008 -0.156  0.049  0.412 -0.019  0.290  0.012
 1943     28     27     28     27     27     27     27     27     27     27     27     27
 1944  0.709  0.290  0.038 -0.159 -0.055 -0.021  0.074  0.140  0.419  0.326 -0.063 -0.403  0.108
 1944     27     27     27     27     27     27     27     27     27     27     27     27
 1945 -0.295 -0.456 -0.209  0.219 -0.272 -0.100 -0.195  0.427  0.163  0.128 -0.128 -0.701 -0.118
 1945     27     27     27     27     27     27     27     27     28     28     28     28
 1946  0.121  0.141 -0.338  0.198 -0.102 -0.249  0.003 -0.030  0.067 -0.166  0.013 -0.609 -0.079
 1946     28     28     28     28     28     28     28     28     28     28     28     28
 1947 -0.311 -0.342  0.001  0.160 -0.031  0.064 -0.049  0.090  0.069  0.420  0.092 -0.273 -0.009
 1947     28     28     28     28     28     28     28     28     28     28     28     28
 1948  0.427 -0.086 -0.419 -0.005  0.170  0.142 -0.102 -0.042  0.023  0.146  0.032 -0.225  0.005
 1948     29     29     29     29     29     29     29     29     29     29     29     29
 1949  0.372 -0.350 -0.402 -0.102 -0.110 -0.246 -0.171 -0.046 -0.073  0.136 -0.016 -0.350 -0.113
 1949     29     30     29     29     29     30     29     29     30     30     30     30
 1950 -0.638 -0.391 -0.248 -0.314 -0.158 -0.084 -0.231 -0.298 -0.157 -0.209 -0.710 -0.344 -0.315
 1950     31     31     31     31     31     30     31     31     31     31     31     31
 1951 -0.559 -0.832 -0.449 -0.097 -0.025 -0.096 -0.044  0.130  0.210  0.156 -0.026  0.416 -0.101
 1951     35     35     35     35     35     35     35     35     35     35     35     35
 1952  0.291  0.059 -0.418 -0.033 -0.045 -0.007  0.122  0.088  0.124 -0.143 -0.546 -0.213 -0.060
 1952     35     35     35     36     35     35     36     36     36     36     36     36
 1953  0.154  0.179  0.215  0.206  0.054  0.183 -0.001  0.152  0.110  0.195 -0.137  0.245  0.130
 1953     36     36     36     36     36     36     36     36     36     36     36     36
 1954 -0.499 -0.218 -0.363 -0.203 -0.305 -0.105 -0.190 -0.060 -0.004  0.072  0.256 -0.219 -0.153
 1954     36     36     36     36     36     36     36     36     37     37     36     36
 1955  0.399 -0.125 -0.790 -0.365 -0.208 -0.110 -0.210  0.034 -0.024 -0.005 -0.390 -0.476 -0.189
 1955     37     37     37     37     37     37     37     37     37     37     37     37
 1956 -0.347 -0.708 -0.575 -0.531 -0.441 -0.268 -0.294 -0.392 -0.414 -0.327 -0.495 -0.392 -0.432
 1956     37     37     37     37     37     37     37     37     37     37     37     37
 1957 -0.263 -0.252 -0.460 -0.164 -0.132  0.054 -0.184  0.039  0.060 -0.065  0.153  0.358 -0.071
 1957     37     37     37     37     37     37     37     37     37     37     38     37
 1958  0.494  0.246 -0.062  0.033  0.041 -0.072  0.029 -0.045 -0.115  0.006  0.081  0.005  0.053
 1958     38     37     37     37     37     37     37     37     37     37     38     37
 1959  0.125  0.066  0.202  0.073 -0.133  0.119  0.051  0.027  0.054 -0.154 -0.174 -0.013  0.020
 1959     38     38     38     38     38     38     38     38     38     38     38     38
 1960  0.045  0.371 -0.696 -0.321 -0.338  0.052 -0.105 -0.019  0.042  0.008 -0.225  0.320 -0.072
 1960     37     38     38     38     38     38     38     38     38     38     38     38
 1961  0.092  0.273  0.092  0.100  0.083  0.088 -0.029 -0.012  0.046 -0.059  0.001 -0.190  0.040
 1961     38     38     39     39     39     39     39     39     39     39     39     39
 1962  0.183  0.274 -0.028  0.038 -0.098 -0.161 -0.068 -0.069 -0.019  0.116  0.079  0.057  0.025
 1962     39     39     39     39     39     39     39     39     39     39     39     39
 1963 -0.087  0.406 -0.312 -0.226 -0.179 -0.134  0.066  0.047  0.146  0.395  0.278 -0.113  0.024
 1963     39     39     39     39     39     39     39     39     39     39     39     39
 1964 -0.032 -0.275 -0.505 -0.365 -0.188 -0.247 -0.202 -0.287 -0.294 -0.403 -0.297 -0.438 -0.294
 1964     39     39     39     39     39     39     39     39     39     39     39     39
 1965 -0.054 -0.447 -0.282 -0.473 -0.238 -0.107 -0.288 -0.227 -0.202 -0.062 -0.249 -0.160 -0.232
 1965     39     39     39     39     39     39     39     39     39     39     39     39
 1966 -0.223 -0.156 -0.126 -0.290 -0.197  0.046 -0.009 -0.011 -0.032 -0.182 -0.154 -0.392 -0.144
 1966     39     39     39     39     39     39     39     39     39     39     39     39
 1967 -0.289 -0.446 -0.098 -0.081  0.116 -0.242 -0.115 -0.085 -0.126  0.350  0.013 -0.137 -0.095
 1967     39     39     39     39     39     39     39     39     39     39     39     39
 1968 -0.357 -0.259  0.357 -0.214 -0.322 -0.305 -0.225 -0.211 -0.206 -0.135 -0.256 -0.431 -0.214
 1968     39     39     39     39     39     39     39     39     39     39     39     39
 1969 -0.639 -0.744 -0.308 -0.011 -0.018 -0.102  0.038 -0.023 -0.083 -0.052  0.184  0.257 -0.125
 1969     39     39     39     39     39     39     39     39     39     39     39     39
 1970 -0.053  0.303 -0.270  0.014 -0.110  0.089 -0.006 -0.071  0.012 -0.182 -0.102 -0.321 -0.058
 1970     39     39     39     39     39     39     39     39     39     39     39     39
 1971 -0.066 -0.437 -0.478 -0.379 -0.295 -0.312 -0.164 -0.111 -0.000 -0.079 -0.004 -0.088 -0.201
 1971     39     39     39     39     38     38     38     38     39     39     39     38
 1972 -0.784 -0.652 -0.283 -0.183 -0.197 -0.041 -0.083 -0.086 -0.234 -0.106 -0.282  0.074 -0.238
 1972     38     39     39     38     38     38     38     38     38     38     38     38
 1973  0.168  0.532  0.389  0.276  0.166  0.260  0.089  0.034 -0.030 -0.007 -0.130 -0.069  0.140
 1973     38     38     38     38     38     38     38     38     38     38     38     38
 1974 -0.463 -0.620 -0.199 -0.159 -0.234 -0.192 -0.074 -0.128 -0.251 -0.363 -0.328 -0.355 -0.281
 1974     38     38     38     38     38     38     38     38     38     38     38     38
 1975  0.111 -0.026  0.023  0.045  0.016  0.002 -0.017 -0.149  0.059 -0.183 -0.293 -0.291 -0.059
 1975     38     38     38     38     38     38     38     38     38     38     38     38
 1976 -0.084 -0.358 -0.751 -0.180 -0.319 -0.296 -0.312 -0.293 -0.223 -0.694 -0.452 -0.288 -0.354
 1976     39     39     39     39     39     38     39     38     38     38     38     39
 1977 -0.431  0.106  0.266  0.272  0.111  0.214  0.072 -0.006  0.021 -0.051  0.392  0.036  0.084
 1977     39     38     38     38     39     39     38     39     38     39     38     38
 1978  0.038 -0.049  0.131  0.009 -0.066 -0.170 -0.074 -0.265 -0.076 -0.077  0.143 -0.172 -0.052
 1978     39     39     39     39     39     38     39     38     38     38     39     38
 1979 -0.139 -0.323 -0.001 -0.255 -0.088  0.101  0.019  0.052  0.078  0.193  0.125  0.643  0.034
 1979     38     38     38     38     38     38     38     38     38     38     38     38
 1980  0.110  0.253 -0.094  0.177  0.259  0.139  0.057  0.079  0.099  0.123  0.270  0.123  0.133
 1980     38     38     38     38     38     38     38     38     38     38     38     38
 1981  0.773  0.617  0.519  0.426  0.120  0.152  0.099  0.257  0.104  0.027  0.146  0.508  0.312
 1981     38     38     38     38     37     37     37     37     37     38     37     37
 1982 -0.201  0.100 -0.250  0.052  0.026 -0.119  0.034  0.023  0.096 -0.125 -0.120  0.439 -0.004
 1982     36     36     36     36     36     37     37     37     37     37     37     37
 1983  0.739  0.481  0.357  0.142  0.152  0.117  0.250  0.339  0.401  0.216  0.571  0.142  0.326
 1983     36     37     37     37     37     37     37     37     37     37     37     37
 1984  0.153 -0.102  0.019 -0.130  0.220  0.032 -0.006  0.033 -0.144  0.076 -0.207 -0.533 -0.049
 1984     37     37     37     37     37     37     37     37     37     37     37     37
 1985 -0.004 -0.304 -0.101 -0.003  0.064 -0.056 -0.137  0.124 -0.035  0.040 -0.054  0.033 -0.036
 1985     37     38     37     38     37     37     37     37     37     37     37     37
 1986  0.441  0.201  0.218  0.291  0.200  0.152 -0.045  0.022 -0.071 -0.007 -0.039  0.034  0.116
 1986     37     37     37     37     37     37     37     37     37     37     37     37
 1987  0.191  0.678 -0.112  0.190  0.161  0.208  0.363  0.185  0.306  0.246  0.118  0.534  0.256
 1987     37     37     37     37     37     37     37     37     38     37     37     37
 1988  0.640  0.258  0.401  0.317  0.362  0.425  0.348  0.325  0.389  0.370  0.106  0.505  0.371
 1988     37     37     37     37     37     37     37     37     37     37     37     37
 1989  0.149  0.452  0.407  0.235  0.181  0.152  0.209  0.214  0.221  0.310  0.056  0.335  0.243
 1989     36     37     36     37     37     37     37     36     37     36     37     37
 1990  0.404  0.534  1.187  0.607  0.402  0.437  0.289  0.361  0.200  0.492  0.605  0.427  0.495
 1990     37     37     37     36     36     36     36     36     36     36     36     36
 1991  0.532  0.535  0.270  0.594  0.319  0.584  0.457  0.370  0.396  0.355  0.263  0.133  0.401
 1991     35     34     34     34     34     34     34     34     34     34     34     34
 1992  0.729  0.565  0.426  0.088  0.153  0.044 -0.257 -0.080 -0.229 -0.228 -0.248  0.196  0.097
 1992     34     34     33     34     34     34     34     34     34     34     34     34
 1993  0.472  0.485  0.376  0.209  0.246  0.213  0.169  0.108 -0.115  0.096 -0.356  0.242  0.179
 1993     34     34     34     34     34     34     35     34     34     34     34     34
 1994  0.362 -0.166  0.323  0.447  0.402  0.450  0.289  0.287  0.342  0.500  0.538  0.435  0.351
 1994     35     35     35     35     34     34     35     34     35     35     35     35
 1995  0.871  1.242  0.509  0.512  0.363  0.528  0.420  0.606  0.484  0.689  0.582  0.209  0.585
 1995     35     34     35     35     35     35     35     35     35     35     35     35
 1996  0.197  0.450  0.144 -0.018  0.299  0.270  0.286  0.227  0.090  0.174  0.245  0.414  0.232
 1996     35     35     35     35     34     34     35     34     35     34     35     34
 1997  0.431  0.635  0.558  0.394  0.347  0.517  0.393  0.491  0.554  0.646  0.553  0.615  0.511
 1997     34     35     35     35     35     34     34     34     34     35     34     34
 1998  0.715  1.367  0.791  0.996  0.835  0.903  0.988  0.921  0.715  0.716  0.322  0.886  0.846
 1998     34     35     35     34     34     35     35     35     35     35     35     34
 1999  0.782  1.204  0.238  0.507  0.401  0.474  0.501  0.429  0.589  0.547  0.387  0.795  0.571
 1999     35     35     35     35     34     35     35     35     34     35     34     34
 2000  0.331  0.945  0.757  0.942  0.521  0.452  0.404  0.529  0.387  0.276  0.063  0.211  0.485
 2000     35     34     35     35     34     35     34     35     35     34     34     34
 2001  0.738  0.551  0.783  0.660  0.689  0.571  0.654  0.786  0.561  0.630  1.029  0.551  0.684
 2001     32     32     33     33     32     32     32     33     32     33     32     32
 2002  1.202  1.380  1.179  0.720  0.589  0.663  0.779  0.615  0.685  0.492  0.743  0.305  0.779
 2002     32     32     33     33     33     33     33     33     34     33     34     33
 2003  1.011  0.619  0.586  0.626  0.836  0.706  0.629  0.801  0.772  0.923  0.702  1.108  0.777
 2003     34     33     33     33     33     34     33     32     33     34     33     33
 2004  0.758  1.098  0.942  0.737  0.347  0.526  0.393  0.463  0.555  0.762  1.071  0.495  0.679
 2004     34     33     33     33     33     32     33     33     33     33     32     33
 2005  0.952  0.576  0.875  1.020  0.761  0.882  0.833  0.714  0.931  1.091  1.220  0.770  0.885
 2005     33     32     33     33     33     33     33     33     33     32     33     33
 2006  0.634  0.959  0.794  0.596  0.512  0.882  0.808  0.755  0.777  1.020  0.917  1.316  0.831
 2006     32     33     33     33     32     33     33     32     32     32     33     32
 2007  1.694  0.964  1.020  1.128  0.810  0.595  0.624  0.802  0.841  0.993  0.792  0.827  0.924
 2007     33     33     33     33     33     34     33     33     34     33     33     33
 2008  0.375  0.470  1.231  0.576  0.502  0.615  0.734  0.561  0.593  1.023  1.066  0.696  0.704
 2008     33     33     33     33     33     33     33     34     33     33     33     33
 2009  0.807  0.859  0.661  0.871  0.593  0.679  0.596  0.880  1.005  0.752  0.843  0.504  0.754
 2009     33     33     33     32     33     33     34     33     32     33     33     33
 2010  0.813  0.861  1.126  1.053  0.945  0.996  0.997  0.879  0.774  0.895  1.206  0.472  0.918
 2010     33     32     33     33     33     33     33     33     34     33     34     34
 2011  0.449  0.415  0.623  0.867  0.555  0.797  0.797  0.782  0.878  0.960  0.667  0.871  0.722
 2011     32     33     33     32     32     32     32     33     33     32     32     32
 2012  0.567  0.359  0.628  1.092  0.998  0.995  0.813  0.858  0.911  0.898  0.929  0.282  0.778
 2012     32     33     32     32     32     33     32     32     33     32     32     32
 2013  0.860  0.900  0.590  0.595  0.814  0.864  0.668  0.711  0.759  0.811  1.023  0.817  0.784
 2013     32     31     32     32     32     32     32     31     32     32     32     32
 2014  0.909  0.406  0.880  1.033  0.919  0.900  0.702  0.810  0.824  0.951  0.000  0.000  0.833
 2014     31     32     31     32     32     31     31     31     31     31      0      0
